216 817
100
A 116 748 40
B 90 783 14
C 68 246 61
D 44 350 82
E 138 462 37
F 155 790 41
G 176 665 76
H 211 658 65
I 28 527 25
J 42 63 58
K 70 719 69
L 158 600 38
M 104 467 32
N 125 175 44
O 166 215 78
P 191 471 55
Q 158 109 44
R 176 5 67
S 6 458 11
T 162 234 32
U 193 100 23
V 6 717 55
W 30 740 83
X 215 194 40
Y 20 190 60
Z 70 167 54
AA 188 202 7
AB 151 379 94
AC 33 420 87
AD 4 575 18
AE 58 600 29
AF 1 564 10
AG 47 606 39
AH 50 608 67
AI 155 600 89
AJ 9 589 77
AK 16 575 36
AL 123 718 4
AM 53 159 66
AN 61 717 37
AO 146 100 20
AP 143 596 50
AQ 24 72 54
AR 110 89 46
AS 35 522 50
AT 86 800 73
AU 11 91 79
AV 22 770 99
AW 177 571 85
AX 53 620 50
AY 94 765 86
AZ 5 454 62
BA 102 48 1
BB 86 761 63
BC 50 462 59
BD 193 334 24
BE 117 692 22
BF 201 190 76
BG 124 471 18
BH 44 688 4
BI 140 707 33
BJ 11 62 18
BK 130 112 9
BL 191 759 92
BM 157 535 18
BN 35 710 38
BO 88 756 29
BP 134 579 91
BQ 61 412 70
BR 22 369 97
BS 96 219 22
BT 211 611 7
BU 66 150 49
BV 92 241 27
BW 34 537 91
BX 64 167 58
BY 127 336 71
BZ 174 652 91
CA 161 25 16
CB 91 627 57
CC 102 409 68
CD 23 358 66
CE 152 615 90
CF 25 701 68
CG 192 801 63
CH 4 376 6
CI 215 805 30
CJ 28 418 4
CK 59 524 47
CL 66 189 71
CM 197 724 42
CN 199 781 79
CO 127 42 22
CP 56 485 45
CQ 145 387 55
CR 5 748 81
CS 62 593 57
CT 23 347 78
CU 59 280 98
CV 140 682 79
